sum=60.001000
diff=-40.001000
prod=500.010000
div=0.199996
